27603008467
27603043188
27603058551
27603060028
27603061423
27603101375
27603127132
27603140094
27603140211
27603326864
27603334137
27603338627
27603349714
27603352076
27603363347
27603365922
27603378566
27603443371
27603466992
27603470992
27603504704
27603506074
27603507964
27603537964
27603563946
27603568052
27603587086
27603596954
27603602112
27603657398
27603660438
27603667550
27603671464
27603701502
27603722398
27603809356
27603812753
27603842517
27603866612
27603886098
27603895686
27603901993
27603906864
27603949641
27603989565
27603995909
27604030459
27604082261
27604088447
27604090292
27604106525
27604125777
27604125778
27604146946
27604176134
27604178269
27604201265
27604209295
27604209801
27604242854
27604246469
27604259956
27604266337
27604266509
27604303887
27604308645
27604314633
27604322467
27604323995
27604332129
27604351657
27604381765
27604382971
27604405989
27604418785
27604450861
27604474168
27604485042
27604485587
27604501860
27604504377
27604537677
27604556060
27604562006
27604597237
27604600945
27604601325
27604608498
27604633215
27604643315
27604673725
27604681676
27604694466
27604702449
27604723182
27604728717
27604738302
27604739802
27604761504
27604786069
27604794867
27604796069
27604809543
27604813350
27604821341
27604830726
27604875219
27604877977
27604915028
27604922101
27604922678
27604955592
27605000453
27605025437
27605055631
27605092844
27605225329
27605235638
27605253336
27605266375
27605281099
27605283260
27605460862
27605532943
27605610675
27605612664
27605621179
27605754282
27605766782
27605782094
27605791383
27605826518
27605877261
27605884106
27605931863
27605958415
27605996816
27606079478
27606982386
27610648758
27611290918
27615588598
27619399443
27625615779
27629116199
27630043096
27630058540
27630095308
27630128059
27630144016
27630174096
27630234327
27630254799
27630270542
27630279213
27630279409
27630290067
27630332153
27630336178
27630344436
27630346004
27630366317
27630368161
27630418145
27630426739
27630466626
27630475230
27630476485
27630533327
27630581418
27630586359
27630611101
27630616550
27630621232
27630623793
27630628111
27630628348
27630636158
27630638653
27630640072
27630645539
27630664716
27630671390
27630690010
27630707103
27630734729
27630741638
27630747634
27630761500
27630781632
27630802886
27630861350
27630862147
27630872633
27630879817
27630895948
27630896895
27630900558
27630903504
27630904755
27630908196
27630908831
27630932142
27630953477
27630957622
27630988199
27630990517
27630991226
27630991555
27630995171
27630996712
27631003397
27631018497
27631023449
27631051760
27631078003
27631112763
27631118878
27631125445
27631161513
27631169442
27631176328
27631181334
27631189942
27631217181
27631237247
27631255816
27631260568
27631286943
27631288055
27631301920
27631367679
27631370431
27631379776
27631389010
27631395521
27631402163
27631405896
27631418264
27631433970
27631437744
27631441918
27631473803
27631476457
27631498655
27631506126
27631529305
27631532420
27631561919
27631563583
27631578355
27631578542
27631593963
27631594279
27631630549
27631660665
27631666778
27631672435
27631674117
27631717043
27631720691
27631750818
27631758866
27631770196
27631839414
27631903930
27631906000
27631932165
27631950059
27631956228
27632002426
27632003341
27632005783
27632008167
27632017662
27632022145
27632033295
27632073031
27632128712
27632135063
27632138198
27632140968
27632142236
27632185564
27632205956
27632239441
27632240001
27632254188
27632261135
27632262763
27632288804
27632290205
27632349107
27632364447
27632368695
27632377872
27632386964
27632389944
27632400393
27632423203
27632460815
27632472884
27632486882
27632497425
27632499268
27632519186
27632561394
27632662299
27632666190
27632692798
27632732859
27632781214
27632844920
27632845068
27632851800
27632857091
27632903823
27632962811
27633014120
27633022450
27633027552
27633036718
27633047967
27633061067
27633063290
27633083185
27633089631
27633123086
27633126368
27633137112
27633143432
27633144374
27633161180
27633166154
27633166438
27633168735
27633175509
27633179409
27633208892
27633247360
27633267546
27633271764
27633271790
27633285405
27633294312
27633300817
27633313460
27633313717
27633333385
27633337104
27633352192
27633352398
27633357635
27633369819
27633378951
27633382070
27633408786
27633430023
27633431613
27633452646
27633489460
27633491498
27633507110
27633527198
27633547014
27633547015
27633554477
27633645953
27633657723
27633659758
27633664892
27633666234
27633671945
27633674599
27633700693
27633721176
27633750862
27633756010
27633786200
27633793911
27633823586
27633837724
27633879950
27633916594
27633926440
27633963812
27633967882
27633975667
27633976098
27634004199
27634043996
27634071373
27634085124
27634124076
27634127942
27634185882
27634243631
27634330184
27634338095
27634372708
27634376088
27634386808
27634408357
27634465793
27634474573
27634489795
27634492495
27634539471
27634550819
27634556306
27634560265
27634605400
27634616245
27634619263
27634624830
27634672493
27634675315
27634677360
27634681642
27634689073
27634755745
27634767941
27634772924
27634813205
27634819659
27634832425
27634887290
27634900129
27634901830
27634905084
27634908215
27634943461
27634953890
27634968481
27634997854
27635031418
27635040807
27635046840
27635117044
27635143154
27635144164
27635158787
27635162472
27635173426
27635192425
27635206270
27635263175
27635309302
27635385097
27635389516
27635396221
27635412380
27635436905
27635468559
27635526801
27635528682
27635532398
27635543798
27635586570
27635596126
27635610754
27635623097
27635623641
27635627182
27635644213
27635645134
27635653544
27635662251
27635678588
27635716003
27635738996
27635762997
27635769666
27635792796
27635793378
27635807797
27635811167
27635851327
27635854727
27635856412
27635870088
27635871252
27635894459
27635906001
27635934798
27635939040
27635939730
27635946770
27635964236
27635969282
27635991671
27635997442
27635999456
27637356769
27638005806
27638021530
27638084299
27638116909
27638128038
27638166537
27638195975
27638208330
27638210127
27638249868
27638278215
27638280058
27638287872
27638294664
27638341165
27638406798
27638473667
27638477192
27638479102
27638487459
27638512021
27638517776
27638530675
27638535196
27638537158
27638545385
27638584221
27638598604
27638630915
27638633470
27638634313
27638642640
27638675766
27638679771
27638692288
27638785614
27638794327
27638852090
27638886433
27638905775
27638931122
27638942843
27638942846
27638994204
27639101297
27639107526
27639109567
27639124563
27639132979
27639133713
27639142866
27639147366
27639150303
27639186091
27639215185
27639215451
27639229572
27639257786
27639294099
27639334366
27639341670
27639350290
27639358909
27639372292
27639373312
27639375954
27639398422
27639404192
27639425060
27639450957
27639460670
27639478485
27639527613
27639529978
27639537533
27639539547
27639558313
27639558660
27639571020
27639593287
27639601808
27639622758
27639638221
27639674737
27639684022
27639713231
27639716967
27639743420
27639757419
27639779328
27639798243
27639818307
27639856852
27639871174
27639924102
27639929067
27640000824
27640002968
27640034454
27640051391
27640055546
27640057923
27640057982
27640067457
27640073161
27640100434
27640103413
27640111067
27640114447
27640131031
27640164538
27640182597
27640202096
27640230719
27640253632
27640269531
27640283030
27640288179
27640305014
27640320177
27640325749
27640331656
27640333241
27640337512
27640346132
27640363101
27640366979
27640394648
27640419644
27640421166
27640429000
27640450116
27640452020
27640453274
27640461414
27640463760
27640471821
27640521492
27640534610
27640536450
27640563230
27640569401
27640572756
27640589728
27640595057
27640595786
27640609000
27640611397
27640613365
27640645823
27640648382
27640651724
27640654175
27640658984
27640691076
27640698520
27640701066
27640707052
27640721572
27640737967
27640750666
27640756790
27640775076
27640787902
27640794306
27640799070
27640807790
27640821632
27640848079
27640861909
27640866989
27640867506
27640869616
27640874123
27640881227
27640885067
27640886378
27640943744
27640952637
27640953348
27640953926
27640962014
27640965679
27640967533
27640974456
27640977710
27640994037
27640995311
27648688535
27653778751
27655005635
27655007336
27655009648
27655055209
27655056874
27655079951
27655083301
27655090206
27655097069
27655111720
27655157256
27655184763
27655200702
27655222022
27655239265
27655241670
27655276873
27655333434
27655348847
27655390414
27655438381
27655447318
27655453470
27655526794
27655555690
27655556562
27655589392
27655609285
27655631500
27655660815
27655661862
27655700489
27655720180
27655766722
27655767865
27655776295
27655795105
27655831571
27655832891
27655835204
27655835257
27655838431
27655844963
27655860739
27655862597
27655890380
27655918713
27655932300
27655934930
27655944948
27655952005
27656018202
27656020774
27656032970
27656054475
27656059725
27656100428
27656116370
27656130821
27656160802
27656163952
27656183415
27656184459
27656210685
27656225605
27656241300
27656249748
27656258427
27656262944
27656272219
27656273707
27656273949
27656281777
27656402153
27656435451
27656457301
27656469280
27656500379
27656501748
27656525134
27656553140
27656556496
27656567976
27656569470
27656574808
27656595015
27656596275
27656611861
27656617582
27656641715
27656662644
27656675264
27656686818
27656705904
27656728806
27656729935
27656762258
27656764952
27656819573
27656819677
27656854365
27656862373
27656879819
27656893180
27656928380
27656933079
27656945065
27656990043
27656997237
27657006941
27657047192
27657047457
27657073476
27657140679
27657185461
27657191004
27657192642
27657202950
27657222150
27657239127
27657256562
27657263378
27657265273
27657268130
27657274468
27657280685
27657288200
27657293300
27657294890
27657347721
27657359786
27657438442
27657465644
27657466995
27657480678
27658472513
27676327085
27676818446
27678023167
27681211080
27681965634
27686563414
27686574816
27686579347
27686592466
27686603737
27686611267
27686630848
27686633111
27686673221
27686674692
27686688634
27686782294
27686807640
27686810890
27686818012
27686878287
27686891464
27686956397
27686973594
27687006028
27687028791
27687052538
27687063437
27687100387
27687151888
27687260285
27687308176
27687356113
27687367466
27687386972
27687409373
27687445424
27687477916
27687525189
27687527019
27687530844
27687562844
27687650267
27687663822
27687687829
27687749048
27687780364
27687780948
27687785917
27687796845
27687806109
27687811991
27687845277
27687951344
27687952669
27687981937
27688034336
27688054587
27688069509
27688088244
27688116533
27688176927
27688183103
27688207974
27688212928
27688224719
27688257411
27688293435
27688344341
27688367079
27688412467
27688440149
27688646212
27688694384
27688712103
27688713356
27688779712
27688784898
27688799834
27688811325
27688902208
27688920563
27689594256
27689643346
27689669065
27689737858
27689777095
27689922369
27710009583
27710012773
27710014691
27710026173
27710031761
27710040143
27710065801
27710109864
27710119530
27710121909
27710134749
27710141955
27710160740
27710200263
27710226433
27710235105
27710245913
27710276977
27710284240
27710307016
27710307346
27710352265
27710354142
27710366108
27710395960
27710440558
27710446867
27710453025
27710474090
27710497651
27710507208
27710510027
27710534608
27710536807
27710538621
27710613316
27710621231
27710642033
27710643764
27710648989
27710677699
27710681208
27710685113
27710701003
27710719337
27710766065
27710768758
27710788002
27710790757
27710803032
27710805973
27710816785
27710819688
27710825397
27710832908
27710833948
27710836479
27710859331
27710863006
27710883382
27710893645
27710949372
27710956766
27710960051
27710962322
27710992589
27712648345
27712721629
27714384787
27716736479
27717003869
27717007251
27717089178
27717113667
27717116922
27717128447
27717138228
27717164306
27717252332
27717297214
27717305285
27717367469
27717375492
27717388349
27717399095
27717453259
27717464625
27717485983
27717496438
27717511870
27717512756
27717535430
27717564819
27717589284
27717594298
27717607127
27717635507
27717636364
27717636436
27717643379
27717665380
27717704628
27717705794
27717723302
27717750278
27717757811
27717766062
27717768973
27717772343
27717784675
27717795134
27717815318
27717838175
27717840963
27717862109
27717936249
27717937522
27717939559
27718020227
27718035417
27718050137
27718056151
27718071612
27718076192
27718082202
27718133056
27718145035
27718172316
27718177839
27718214636
27718215445
27718218862
27718219912
27718233969
27718242478
27718251711
27718262596
27718292486
27718301094
27718312314
27718314981
27718335988
27718340747
27718350139
27718362153
27718372960
27718382628
27718419169
27718450338
27718454880
27718471356
27718475707
27718492207
27718493877
27718506749
27718532073
27718533998
27718540869
27718590418
27718655201
27718723127
27718737856
27718796466
27718809541
27718810867
27718832520
27718832748
27718843983
27718861811
27718881721
27718960678
27718975084
27718984745
27719012023
27719012435
27719016665
27719041976
27719079334
27719097401
27719102958
27719111902
27719118615
27719131337
27719158127
27719166620
27719177019
27719210408
27719214783
27719216053
27719246847
27719247815
27719253789
27719311006
27719312994
27719327383
27719331322
27719341775
27719363766
27719372771
27719390708
27719393937
27719415629
27719417899
27719418329
27719457334
27719498107
27719510811
27719523733
27719531062
27719535927
27719542369
27719545510
27719550745
27719553933
27719557859
27719583933
27719585689
27719589380
27719591674
27719593190
27719608351
27719639036
27719642576
27719684606
27719711871
27719726393
27719735037
27719735999
27719740221
27719762043
27719767729
27719771901
27719791032
27719828580
27719839641
27719856675
27719886258
27719911339
27719918492
27719919398
27719958437
27719974297
27719993309
27721101299
27722664857
27723551119
27726092725
27730046004
27730049804
27730072965
27730092345
27730103979
27730117358
27730144616
27730161651
27730162295
27730167494
27730179604
27730181620
27730213892
27730223374
27730227081
27730261502
27730265757
27730267364
27730283490
27730286418
27730295520
27730325620
27730345116
27730359026
27730395375
27730412824
27730416211
27730471607
27730496072
27730510264
27730521581
27730527240
27730569993
27730617806
27730622718
27730636126
27730652316
27730676870
27730710217
27730732261
27730748679
27730757703
27730767945
27730783515
27730787377
27730788260
27730795711
27730799019
27730799514
27730832654
27730854093
27730863775
27730866935
27730871845
27730881728
27730889271
27730926445
27730941742
27730950100
27730952742
27730958397
27730997794
27730998797
27731020214
27731048486
27731072208
27731098764
27731105791
27731112421
27731123033
27731148040
27731154841
27731205658
27731209199
27731219052
27731245277
27731255012
27731283304
27731302122
27731306265
27731331886
27731362778
27731406685
27731424141
27731427475
27731430918
27731431007
27731455706
27731466745
27731478488
27731549371
27731550357
27731596888
27731599962
27731635806
27731644280
27731650416
27731680526
27731684323
27731686843
27731699056
27731726788
27731740993
27731751700
27731755440
27731775652
27731788784
27731818466
27731825041
27731883921
27731894074
27731909086
27731914532
27731929234
27731935366
27731944227
27731964684
27731988534
27731989228
27731998829
27732033547
27732034212
27732035824
27732045295
27732056768
27732090045
27732095884
27732098235
27732098523
27732128854
27732135363
27732154234
27732169605
27732251646
27732257615
27732295866
27732345741
27732364397
27732370383
27732375139
27732377346
27732398945
27732405032
27732406516
27732410137
27732476989
27732502561
27732510984
27732515566
27732521853
27732530600
27732549252
27732553432
27732596993
27732632355
27732665533
27732710647
27732733039
27732743873
27732762309
27732770477
27732775140
27732780245
27732788503
27732798836
27732827209
27732872633
27732882930
27732892931
27732936608
27732938927
27732948966
27732986245
27733001008
27733002245
27733011892
27733032024
27733050769
27733055865
27733099812
27733117873
27733120221
27733126957
27733128180
27733136451
27733153227
27733184523
27733184920
27733214592
27733225195
27733226192
27733254667
27733258686
27733273510
27733275532
27733278762
27733323331
27733353169
27733358760
27733391428
27733404392
27733405460
27733424343
27733428965
27733525701
27733566710
27733572494
27733580100
27733601414
27733607363
27733608665
27733641702
27733642051
27733666333
27733681324
27733694714
27733699301
27733719081
27733721385
27733725532
27733737311
27733749729
27733788843
27733818424
27733827679
27733856633
27733866895
27733871195
27733888773
27733891384
27733900577
27733908202
27733908966
27733922260
27733924578
27733943669
27733954794
27733960952
27734014294
27734017111
27734090256
27734101369
27734107500
27734119333
27734141917
27734142530
27734164666
27734175893
27734190194
27734203866
27734213657
27734227826
27734251133
27734259484
27734262914
27734266223
27734275871
27734308347
27734311328
27734314263
27734319825
27734330633
27734331099
27734356014
27734396670
27734399232
27734419783
27734455627
27734519737
27734542193
27734548867
27734563260
27734584360
27734595199
27734601433
27734612201
27734644170
27734660233
27734668897
27734669603
27734674303
27734685308
27734704086
27734726211
27734734436
27734741159
27734741771
27734766167
27734779753
27734784708
27734800411
27734810121
27734880639
27734949880
27734982983
27735027855
27735030045
27735047089
27735053674
27735064437
27735140924
27735150729
27735238059
27735259381
27735263695
27735285568
27735306559
27735315024
27735324578
27735348057
27735441124
27735483711
27735537892
27735552720
27735554269
27735558603
27735567108
27735572593
27735590212
27735608123
27735617389
27735624084
27735660163
27735676087
27735680495
27735686448
27735724026
27735737126
27735740929
27735769416
27735783314
27735799542
27735840788
27735866975
27735875634
27735894276
27735908762
27735921150
27735958381
27735967926
27735968645
27735974292
27735975347
27735984237
27736017668
27736037423
27736047271
27736082956
27736110787
27736115921
27736121325
27736128137
27736130633
27736170841
27736190808
27736238438
27736281129
27736283968
27736289298
27736327576
27736329539
27736349971
27736356842
27736369095
27736426708
27736426861
27736509388
27736521052
27736523759
27736632136
27736651428
27736694349
27736705282
27736726908
27736727276
27736737077
27736743754
27736754696
27736755878
27736774926
27736804746
27736810067
27736814563
27736846421
27736913250
27736937829
27736955066
27736961722
27736991696
27737004302
27737009432
27737020405
27737034212
27737048049
27737058681
27737069228
27737069450
27737099514
27737101718
27737106381
27737118251
27737134412
27737162151
27737177841
27737201157
27737203367
27737238267
27737238767
27737239100
27737259120
27737262093
27737277960
27737281132
27737281613
27737300247
27737305687
27737329822
27737338771
27737345871
27737350238
27737397397
27737420052
27737436273
27737465473
27737469213
27737471034
27737496483
27737529200
27737651600
27737669015
27737689518
27737693997
27737708789
27737733478
27737750348
27737769862
27737792239
27737862509
27737909199
27737927329
27737931246
27737975222
27737977058
27738001668
27738013989
27738014740
27738044118
27738071888
27738096359
27738161675
27738175431
27738194521
27738220390
27738252373
27738256238
27738286735
27738287777
27738295542
27738322293
27738328865
27738349274
27738367284
27738383236
27738413549
27738444406
27738456939
27738459543
27738477177
27738504895
27738520583
27738523146
27738524722
27738527051
27738539863
27738553746
27738557554
27738586776
27738595315
27738606840
27738613096
27738645358
27738660035
27738669178
27738672589
27738694856
27738734759
27738741004
27738775796
27738796051
27738800686
27738802427
27738831522
27738833132
27738844045
27738875126
27738882282
27738897480
27738907622
27738909328
27738915901
27738928468
27738930793
27738931595
27738936072
27738961030
27738969406
27738991241
27738997605
27739012837
27739019573
27739029348
27739034702
27739038834
27739054375
27739067653
27739067660
27739071555
27739074894
27739084813
27739103750
27739116147
27739150317
27739166742
27739192703
27739199123
27739278665
27739279906
27739286012
27739286307
27739308246
27739322665
27739330747
27739358388
27739377393
27739378603
27739407708
27739418773
27739445951
27739456149
27739463484
27739483652
27739496823
27739505339
27739506646
27739532996
27739536001
27739545124
27739551585
27739605220
27739616607
27739630258
27739637470
27739637722
27739641498
27739647503
27739655359
27739667168
27739673642
27739706562
27739711464
27739712163
27739728748
27739756736
27739771519
27739779132
27739802858
27739804025
27739810545
27739826746
27739827209
27739846094
27739859657
27739883707
27739894734
27739899348
27739901723
27739927373
27739987365
27739993043
27740944601
27742739112
27747854138
27748117924
27748860270
27765622217
27766025298
27767701133
27780034044
27780057119
27780106737
27780159049
27780182997
27780204109
27780208893
27780209842
27780237337
27780256885
27780260134
27780265606
27780290982
27780307571
27780311955
27780355306
27780359168
27780361578
27780372959
27780380419
27780382702
27780383963
27780405160
27780415294
27780426377
27780451777
27780460078
27780474723
27780564738
27780589195
27780598194
27780622061
27780627922
27780635318
27780644570
27780647007
27780647836
27780653978
27780663714
27780671072
27780697678
27780703773
27780704762
27780712287
27780719630
27780720935
27780750134
27780770695
27780787167
27780803440
27780811761
27780822442
27780835166
27780881314
27780931889
27780950861
27780970924
27780975893
27781009153
27781019567
27781032966
27781037247
27781042776
27781053192
27781059058
27781065140
27781078048
27781096293
27781100207
27781109338
27781117726
27781162992
27781173665
27781223742
27781264218
27781283078
27781300372
27781334266
27781335134
27781351509
27781377028
27781386822
27781388992
27781403687
27781431176
27781455140
27781460793
27781480849
27781501878
27781503712
27781527173
27781559720
27781587549
27781594311
27781645885
27781664480
27781676874
27781693285
27781696007
27781712805
27781731165
27781736385
27781780741
27781839315
27781839626
27781863699
27781873548
27781898265
27781977608
27781991679
27782008041
27782083126
27782098746
27782110258
27782143486
27782144551
27782188399
27782199889
27782220587
27782229581
27782235054
27782246770
27782252969
27782260698
27782290160
27782333640
27782333740
27782338655
27782362673
27782365746
27782374900
27782389381
27782441025
27782449383
27782466764
27782470203
27782493675
27782510345
27782523706
27782530546
27782549922
27782599004
27782622390
27782654555
27782668665
27782678612
27782683183
27782707100
27782710327
27782741962
27782749694
27782780003
27782783547
27782812589
27782837201
27782873257
27782875862
27782894869
27782911740
27782943183
27782955459
27782975047
27782977925
27783012092
27783014536
27783083313
27783089425
27783094373
27783110910
27783113848
27783116307
27783142397
27783158537
27783165541
27783175963
27783194024
27783201636
27783219548
27783229034
27783251275
27783262123
27783274782
27783285016
27783306843
27783312563
27783318839
27783330548
27783333686
27783339616
27783343293
27783351229
27783365878
27783379235
27783389657
27783393656
27783457052
27783457968
27783466672
27783476659
27783481390
27783484590
27783494271
27783494836
27783530064
27783549512
27783580708
27783587594
27783633016
27783641868
27783644402
27783660938
27783661218
27783669667
27783689419
27783694229
27783697197
27783698449
27783730313
27783740529
27783744078
27783752044
27783801168
27783819584
27783843195
27783849174
27783856398
27783866994
27783885269
27783915762
27783929186
27783941926
27783948233
27783952906
27783964538
27783975196
27783992537
27784006708
27784019563
27784024388
27784025403
27784039255
27784073428
27784114774
27784123898
27784127213
27784145670
27784179818
27784190362
27784198706
27784216051
27784222967
27784284984
27784286679
27784296361
27784307177
27784309596
27784310325
27784312574
27784338586
27784405320
27784440164
27784478283
27784485440
27784498445
27784505765
27784508101
27784533766
27784599777
27784630828
27784689633
27784691087
27784696856
27784710296
27784797427
27784820594
27784839000
27784843607
27784858648
27784878277
27784884648
27784889545
27784913908
27784931146
27784950720
27785032373
27785052760
27785061853
27785072811
27785092313
27785092451
27785131618
27785157302
27785169410
27785170816
27785182239
27785196696
27785200685
27785209694
27785221726
27785223032
27785250823
27785257663
27785258562
27785282212
27785288519
27785296222
27785299447
27785317708
27785317760
27785318554
27785342261
27785343648
27785407985
27785431483
27785442973
27785444707
27785449279
27785455626
27785465937
27785470828
27785475745
27785488511
27785492744
27785497530
27785504243
27785504885
27785508986
27785515016
27785541461
27785565063
27785567196
27785571784
27785575149
27785575650
27785605889
27785620762
27785635030
27785635978
27785642610
27785659344
27785664710
27785666402
27785667865
27785675209
27785703131
27785716950
27785752774
27785755352
27785755685
27785761884
27785772439
27785811035
27785827217
27785854343
27785863622
27785870594
27785900566
27785901307
27785904068
27785908869
27785910291
27785913135
27785913195
27785913309
27785922142
27785926468
27785927220
27785942758
27785952616
27785971253
27785999898
27786044105
27786052775
27786064038
27786097522
27786139231
27786146905
27786169409
27786187185
27786227145
27786229177
27786238920
27786256009
27786262987
27786277548
27786278287
27786283420
27786285134
27786318724
27786348225
27786371389
27786404782
27786428320
27786462016
27786463842
27786496552
27786498740
27786547064
27786562207
27786567177
27786568193
27786569899
27786577322
27786624342
27786645379
27786684629
27786696034
27786731028
27786733448
27786739858
27786754598
27786776231
27786778895
27786791991
27786801276
27786801527
27786810029
27786813369
27786832417
27786840569
27786864132
27786918685
27786944140
27786968662
27786981062
27786981499
27786985496
27786990443
27786992849
27787023353
27787058415
27787060727
27787063262
27787063335
27787067454
27787077639
27787119382
27787130449
27787134596
27787135480
27787182810
27787197244
27787197954
27787217179
27787222398
27787237322
27787248122
27787279024
27787307640
27787337931
27787360706
27787369553
27787379690
27787382464
27787382570
27787397989
27787418587
27787449947
27787521386
27787522112
27787522966
27787524249
27787531819
27787549328
27787553942
27787558846
27787576356
27787634536
27787641519
27787645338
27787693514
27787701888
27787712394
27787743146
27787763388
27787822536
27787855937
27787867960
27787873081
27787876417
27787880743
27787892907
27787925355
27787935220
27787947641
27787983564
27787999046
27787999258
27788036888
27788107194
27788156111
27788169110
27788188918
27788244603
27788245979
27788251804
27788261639
27788268753
27788274832
27788298519
27788355534
27788418740
27788419467
27788434719
27788448978
27788468608
27788474190
27788479598
27788486202
27788489642
27788503311
27788540560
27788543866
27788562141
27788562692
27788566239
27788577657
27788594919
27788628794
27788718426
27788744773
27788769860
27788792357
27788797643
27788799342
27788799869
27788829121
27788838354
27788850095
27788875443
27788890529
27789006919
27789010920
27789031737
27789062130
27789072594
27789095863
27789111131
27789135750
27789144073
27789150841
27789151569
27789152816
27789154336
27789162204
27789186284
27789194520
27789236602
27789277760
27789289696
27789341577
27789356764
27789391017
27789402665
27789410971
27789447025
27789458727
27789460910
27789470041
27789482610
27789486572
27789504995
27789519187
27789560891
27789584895
27789585536
27789592815
27789721149
27789737157
27789766000
27789778009
27789793439
27789803535
27789803571
27789822303
27789829934
27789843290
27789862009
27789885234
27789893213
27789945047
27789945674
27789952026
27789990804
27791142016
27791332144
27791421401
27794107294
27799646748
27810010229
27810022797
27810034678
27810039776
27810045935
27810046632
27810050339
27810079803
27810085121
27810093448
27810131012
27810156466
27810243642
27810246429
27810281862
27810310921
27810311749
27810319157
27810429341
27810443244
27810443667
27810461939
27810492218
27810498758
27810529040
27810531462
27810543153
27810546611
27810566942
27810568343
27810578968
27810605949
27810614429
27810617085
27810620555
27810625184
27810631387
27810641428
27810648824
27810651623
27810654273
27810655583
27810668517
27810672371
27810822754
27810846552
27810872464
27810874548
27810882220
27810886490
27810896917
27810929243
27810939358
27810976976
27810978847
27810996207
27812688389
27813337772
27813728044
27814050158
27814883539
27815495582
27817250209
27822972222
27824227224
27832044865
27832169856
27832215530
27832218833
27832230108
27832275438
27832315177
27832347421
27832378584
27832396910
27832411026
27832438657
27832454106
27832466842
27832472243
27832489606
27832520284
27832548304
27832585864
27832679204
27832740624
27832869670
27832871703
27832910350
27832923293
27832978761
27833012995
27833017698
27833022870
27833035808
27833044320
27833047744
27833132021
27833145366
27833165933
27833183570
27833213453
27833270892
27833297992
27833304647
27833316445
27833360280
27833443306
27833444534
27833462385
27833503644
27833548802
27833560394
27833562130
27833589741
27833688690
27833700287
27833707427
27833714148
27833717426
27833748050
27833835092
27833839058
27833866570
27833908666
27833947799
27833976435
27833988367
27833998011
27834053849
27834084512
27834125978
27834129231
27834163110
27834173151
27834183971
27834186947
27834186985
27834189561
27834203612
27834240874
27834243539
27834249031
27834255446
27834265253
27834291784
27834307452
27834323111
27834325983
27834333683
27834339675
27834341588
27834354688
27834361273
27834463958
27834476580
27834482400
27834486776
27834529963
27834661416
27834676101
27834701665
27834716990
27834777049
27834780213
27834784820
27834795888
27834821145
27834835422
27834934055
27834965509
27834969443
27834970630
27834998336
27835001378
27835043816
27835049186
27835052753
27835068088
27835103399
27835105518
27835121554
27835124998
27835135952
27835147702
27835162671
27835169442
27835189362
27835203555
27835219649
27835234252
27835245845
27835289352
27835291185
27835307908
27835309836
27835316349
27835322151
27835348640
27835366066
27835426149
27835447851
27835456101
27835459295
27835473516
27835491457
27835492063
27835495629
27835537574
27835582905
27835595606
27835647177
27835667719
27835692974
27835731312
27835754582
27835769066
27835824579
27835837911
27835873719
27835882984
27835898952
27835900210
27835901671
27835926234
27835946441
27835962283
27835968239
27835987980
27836167094
27836180400
27836211936
27836213638
27836243974
27836248790
27836342812
27836356140
27836378143
27836441773
27836442637
27836453603
27836463998
27836476505
27836491496
27836491516
27836491541
27836491577
27836491591
27836491611
27836522189
27836530058
27836581796
27836664484
27836667058
27836669736
27836684753
27836690584
27836691945
27836704114
27836742078
27836836345
27836848779
27836860350
27836864813
27836885663
27836922732
27836934733
27836956050
27836976186
27836995531
27836996387
27837025920
27837026100
27837105430
27837110340
27837127310
27837136770
27837180859
27837192023
27837203056
27837212222
27837241162
27837257508
27837269685
27837273245
27837276783
27837283186
27837284961
27837294709
27837304635
27837312031
27837325333
27837357931
27837370950
27837382944
27837421285
27837426072
27837436554
27837464536
27837483620
27837490435
27837511284
27837511736
27837518561
27837525370
27837542305
27837544444
27837565675
27837584763
27837597228
27837613917
27837648406
27837648481
27837666632
27837692253
27837722707
27837729759
27837818155
27837854962
27837884246
27837968376
27837989544
27838427824
27838454028
27838461957
27838463596
27838564252
27838582519
27838582832
27838590472
27838616704
27838653662
27838678142
27838681675
27838701044
27838701734
27838712233
27838723224
27838734582
27838751435
27838754476
27838802885
27838806342
27838807457
27838809683
27838822489
27838824544
27838840295
27838840682
27838844143
27838859392
27838873936
27838874915
27838911196
27838932810
27838935876
27838965670
27838965708
27838981054
27838990736
27838999085
27839225082
27839225254
27839227176
27839234629
27839277565
27839285975
27839407579
27839426802
27839461080
27839478715
27839504629
27839528528
27839536969
27839553335
27839561086
27839573951
27839602046
27839608564
27839620005
27839629659
27839669275
27839672544
27839686378
27839711983
27839720454
27839730260
27839749393
27839768583
27839775570
27839780478
27839835014
27839871883
27839872258
27839908099
27839916173
27839927261
27839943940
27839946528
27839951448
27839955246
27839961928
27839965546
27839984089
27840292868
27848305212
27849781174
















































































































































































































































































































































































































































































































































































































































































































































































































































































































































































































































































































































































































































































































































































































































































































































































































27717453259
27789277760
27835162671
27730049804
27605782094
27604259956
27656525134
27738875126
27640654175
27813728044
27719762043
27731644280
27732095884
27782449383
27837436554
27812688389
27603812753
27815495582
27731894074
27837648481


























































































































































































































































































































































































































































































































































































